21
553
445
36
614
799
110
587
439
14
433
886
595
555
959
379
987
657
460
986
965
810
984
904
424
610
845
744
308
734
851
875
514
958
324
578
358
69
406
925
367
763
77
782
37
817
148
159
690
198
486
467
219
116
915
94
493
547
40
167
112
787
617
837
830
700
916
205
272
374
963
468
618
849
98
258
637
638
990
483
279
685
74
35
546
898
876
270
165
556
709
855
420
691
366
303
24
123
543
768
408
86
235
182
68
808
589
992
210
728
415
612
960
117
391
692
687
389
131
124
572
254
462
224
838
344
941
107
304
893
745
967
928
730
655
601
864
285
571
596
863
814
779
735
590
471
346
605
395
505
392
312
515
339
250
666
820
333
725
405
448
608
660
890
443
663
920
540
645
894
972
218
905
917
217
780
652
731
954
321
757
869
615
804
494
271
698
834
921
331
795
591
75
870
109
978
609
475
769
10
292
906
441
404
186
743
562
491
351
622
751
926
46
155
914
800
718
548
661
653
805
676
150
796
802
544
892
624
463
42
260
33
54
880
861
956
291
973
777
726
982
465
361
641
564
628
712
962
28
393
785
193
701
241
73
771
606
476
975
521
528
133
383
103
221
249
239
643
996
688
935
573
719
11
912
860
942
57
97
470
951
296
248
134
349
402
832
1
67
26
394
519
597
576
267
500
613
713
794
442
385
966
479
451
646
32
611
503
633
278
828
943
689
157
511
994
309
501
907
45
231
222
625
979
184
909
721
236
146
298
457
818
498
283
772
922
706
739
422
993
833
579
286
138
811
345
225
918
559
927
936
923
694
364
177
957
523
524
466
985
407
727
194
170
237
667
862
360
577
380
434
140
39
226
7
80
803
981
88
580
290
664
887
873
93
368
355
740
228
899
34
619
819
59
679
313
151
8
396
955
754
723
200
602
421
671
437
5
871
411
328
980
742
428
387
202
592
885
952
865
381
163
931
908
815
512
895
64
699
693
953
760
704
766
316
707
22
187
809
13
81
120
208
932
230
758
84
839
749
565
335
513
896
314
770
277
390
201
900
354
783
262
840
695
382
824
435
444
464
370
419
220
264
901
229
495
729
761
175
778
516
732
710
245
62
400
142
310
375
902
299
669
90
933
672
25
764
603
598
227
357
48
125
654
127
857
162
481
670
627
173
747
852
429
215
41
161
247
504
425
137
114
152
195
593
356
711
242
399
658
253
581
95
950
181
192
469
961
733
43
350
997
276
508
315
61
910
266
180
211
353
238
47
19
773
911
541
294
846
179
461
72
525
100
634
55
841
502
455
509
458
135
6
436
51
347
52
477
139
119
545
49
924
452
338
251
50
919
449
801
472
677
206
790
522
812
607
574
18
842
843
806
635
318
417
332
736
322
416
642
755
147
696
371
715
944
281
412
190
847
829
160
65
204
143
550
71
185
342
858
872
844
388
792
183
530
566
563
988
30
488
268
821
265
702
891
866
409
199
83
767
748
287
649
459
974
968
223
913
636
102
630
122
759
853
487
23
164
964
877
384
567
737
947
584
825
945
626
680
822
582
423
756
681
878
492
240
629
520
252
91
317
948
526
882
484
128
784
746
397
929
348
835
604
720
189
537
930
854
560
373
903
620
517
616
233
191
650
708
569
166
336
113
263
29
644
489
621
557
311
786
938
867
4
531
518
3
132
284
126
136
969
456
499
212
280
197
129
305
831
542
510
76
970
273
752
256
826
781
319
823
174
301
171
585
561
121
554
144
788
774
765
651
38
722
535
647
995
813
888
60
874
662
551
480
440
879
398
939
776
145
244
549
659
214
946
453
797
341
306
154
971
889
172
568
836
697
20
506
403
789
149
329
558
793
586
302
949
108
575
883
289
496
343
16
79
791
359
261
234
414
274
104
507
717
478
362
372
320
246
897
325
176
438
583
497
639
532
426
599
473
648
232
703
798
678
934
168
989
450
118
538
848
17
2
454
401
656
714
668
623
99
683
588
570
937
762
27
369
203
96
58
363
427
534
216
105
738
386
376
337
255
753
485
89
529
775
106
490
430
474
70
705
682
741
153
536
293
259
78
297
213
431
533
807
275
9
56
323
868
377
365
44
724
673
674
539
816
856
631
684
92
307
632
141
447
63
269
188
983
884
280
288
410
282
716
413
665
295
196
940
340
750
31
101
594
640
85
418
111
115
87
326
881
156
352
178
432
600
257
482
207
300
686
53
158
66
977
976
859
378
130
334
169
82
527
446
15
243
850
330
827
991
675
327
209
552